0 0.565140 0.915636 0.388565 0.168728
0 0.218815 0.889166 0.278618 0.221668
0 0.498764 0.781648 0.345111 0.345111
0 0.869406 0.655138 0.145892 0.145892
0 0.777842 0.467767 0.112725 0.112725
0 0.022660 0.385358 0.045319 0.132416
0 0.067540 0.224388 0.135081 0.180539
0 0.398534 0.197739 0.096388 0.096388
0 0.576218 0.355480 0.102006 0.102006
0 0.817530 0.263794 0.120617 0.120617
0 0.740424 0.238542 0.084305 0.084305
0 0.797757 0.145227 0.164805 0.164805
0 0.721479 0.016477 0.083651 0.032954
0 0.965202 0.762953 0.069597 0.125022
0 0.978328 0.912594 0.043344 0.173099
0 0.940937 0.380128 0.064116 0.064116
0 0.947897 0.053533 0.104205 0.107066
0 0.028106 0.756114 0.056211 0.094342