0 0.031349 0.002567 0.062698 0.005133
0 0.807868 0.172121 0.384263 0.344241
0 0.120432 0.466465 0.117764 0.117764
0 0.060767 0.356438 0.121534 0.177281
0 0.353618 0.547543 0.082379 0.082379
0 0.526231 0.587137 0.066078 0.066078
0 0.454988 0.566357 0.148805 0.148805
0 0.988814 0.744267 0.022371 0.106428
0 0.815187 0.861337 0.064822 0.064822
0 0.568106 0.795705 0.075633 0.075633
0 0.249217 0.967239 0.375549 0.065522
0 0.986474 0.960187 0.027052 0.079625
0 0.599130 0.465397 0.087451 0.087451
0 0.094890 0.609629 0.189780 0.215102
0 0.981472 0.495744 0.037057 0.138860