0 0.030102 0.915636 0.060204 0.168728
0 0.170187 0.655138 0.145892 0.145892
0 0.078624 0.467767 0.112725 0.112725
0 0.118311 0.263794 0.120617 0.120617
0 0.041679 0.238542 0.083358 0.084305
0 0.098538 0.145227 0.164805 0.164805
0 0.032043 0.016477 0.064086 0.032954
0 0.845700 0.976638 0.064835 0.046724
0 0.894292 0.962811 0.069378 0.069378
0 0.293695 0.762953 0.125022 0.125022
0 0.343987 0.912594 0.173099 0.173099
0 0.936616 0.806502 0.126767 0.163407
0 0.866276 0.719805 0.267449 0.290815
0 0.560950 0.524156 0.063394 0.063394
0 0.241718 0.380128 0.064116 0.064116
0 0.930148 0.034729 0.132888 0.069458
0 0.377618 0.147851 0.069828 0.069828
0 0.574217 0.096463 0.116762 0.116762
0 0.263710 0.053533 0.134269 0.107066
0 0.398127 0.286516 0.102660 0.102660
0 0.721869 0.208976 0.137013 0.137013