0 0.437302 0.932685 0.363523 0.134630
0 0.243981 0.925144 0.246040 0.149712
0 0.687501 0.783469 0.070403 0.070403
0 0.912135 0.500379 0.092154 0.092154
0 0.918806 0.642351 0.066570 0.066570
0 0.741251 0.668630 0.185064 0.185064
0 0.201415 0.446332 0.074834 0.074834
0 0.091428 0.546773 0.083440 0.083440
0 0.020077 0.528030 0.040155 0.076813
0 0.372435 0.156779 0.200560 0.200560
0 0.627509 0.133694 0.164352 0.164352
0 0.818679 0.200041 0.177789 0.177789
0 0.809079 0.361760 0.161617 0.161617
0 0.042545 0.001653 0.085090 0.003307
0 0.209220 0.542064 0.066427 0.066427