0 0.924994 0.965200 0.150011 0.069600
0 0.189927 0.862383 0.078034 0.078034
0 0.511607 0.815999 0.156637 0.156637
0 0.647953 0.627378 0.070939 0.070939
0 0.536883 0.511058 0.068633 0.068633
0 0.041411 0.658710 0.082822 0.107271
0 0.185950 0.575879 0.084077 0.084077
0 0.029254 0.453160 0.058509 0.280063
0 0.087709 0.395256 0.065289 0.065289
0 0.167720 0.319864 0.142386 0.142386
0 0.531722 0.273316 0.066473 0.066473
0 0.597979 0.417716 0.169496 0.169496
0 0.817965 0.155803 0.222752 0.222752
0 0.988835 0.068874 0.022330 0.076571
0 0.925092 0.071466 0.140094 0.140094
0 0.978379 0.867626 0.043242 0.078849
0 0.874852 0.869889 0.145971 0.145971
0 0.291468 0.340871 0.218341 0.218341
0 0.711011 0.575029 0.082607 0.082607