0 0.570092 0.962523 0.202263 0.074954
0 0.138980 0.813539 0.085857 0.085857
0 0.326653 0.887412 0.290834 0.225176
0 0.654728 0.754252 0.108347 0.108347
0 0.894226 0.748950 0.106371 0.106371
0 0.993043 0.573866 0.013913 0.116590
0 0.832325 0.554604 0.144675 0.144675
0 0.384732 0.546270 0.085733 0.085733
0 0.342364 0.461256 0.089972 0.089972
0 0.020369 0.540397 0.040737 0.319229
0 0.213606 0.380234 0.427212 0.760467
0 0.704309 0.383355 0.075896 0.075896
0 0.671391 0.337917 0.266786 0.266786
0 0.938464 0.393191 0.123072 0.225326
0 0.620603 0.054802 0.074660 0.074660
0 0.311986 0.009637 0.171515 0.019274
0 0.918343 0.967507 0.089150 0.064987