0 0.118311 0.951352 0.120617 0.097296
0 0.041679 0.937761 0.083358 0.084305
0 0.098538 0.844446 0.164805 0.164805
0 0.032043 0.690347 0.064086 0.083651
0 0.930148 0.702233 0.132888 0.132888
0 0.377618 0.847070 0.069828 0.069828
0 0.574217 0.795681 0.116762 0.116762
0 0.263710 0.739151 0.134269 0.134269
0 0.190136 0.501546 0.071635 0.071635
0 0.332678 0.492540 0.078606 0.078606
0 0.546224 0.543369 0.079970 0.079970
0 0.439816 0.224498 0.098392 0.098392
0 0.450524 0.301834 0.132443 0.132443
0 0.014001 0.288813 0.028002 0.120712
0 0.002187 0.229040 0.004373 0.090642
0 0.053187 0.068074 0.106373 0.136148
0 0.398127 0.967202 0.102660 0.065595
0 0.721869 0.908194 0.137013 0.137013