0 0.950071 0.880617 0.071896 0.071896
0 0.573689 0.971063 0.076418 0.057874
0 0.508558 0.994892 0.067017 0.010217
0 0.354847 0.891065 0.129692 0.129692
0 0.036582 0.903171 0.073164 0.138781
0 0.052308 0.669764 0.096237 0.096237
0 0.166657 0.702763 0.203792 0.203792
0 0.446913 0.633796 0.173872 0.173872
0 0.542800 0.620283 0.101289 0.101289
0 0.987918 0.312792 0.024163 0.131724
0 0.752079 0.317697 0.495843 0.541209
0 0.018608 0.232345 0.037215 0.464690
0 0.231071 0.025209 0.076175 0.050417
0 0.664382 0.025958 0.066289 0.051916
0 0.892390 0.148671 0.121857 0.121857
0 0.903084 0.030624 0.193831 0.061249
0 0.874041 0.061121 0.111331 0.111331