0 0.392473 0.001764 0.066432 0.003528
0 0.058198 0.038445 0.073728 0.073728
0 0.019308 0.012639 0.038615 0.025279
0 0.873290 0.019686 0.178489 0.039372
0 0.960141 0.271490 0.079718 0.128983
0 0.400982 0.308542 0.068923 0.068923
0 0.131767 0.073945 0.075684 0.075684
0 0.235557 0.398551 0.088273 0.088273
0 0.527153 0.486023 0.074740 0.074740
0 0.810656 0.400544 0.084220 0.084220
0 0.685710 0.527635 0.254833 0.254833
0 0.961175 0.696525 0.077651 0.130422
0 0.829133 0.681687 0.183870 0.183870
0 0.122439 0.781638 0.144859 0.144859
0 0.398657 0.850454 0.141552 0.141552
0 0.395653 0.922802 0.171622 0.154396
0 0.131027 0.975515 0.108018 0.048969
0 0.519610 0.966800 0.085227 0.066401
0 0.085996 0.831483 0.093024 0.093024
0 0.233440 0.961768 0.234208 0.076465