0 0.401080 0.007559 0.063860 0.015119
0 0.358682 0.065000 0.128427 0.128427
0 0.285365 0.139440 0.085226 0.085226
0 0.802452 0.105756 0.069312 0.069312
0 0.855698 0.227416 0.196321 0.196321
0 0.970299 0.218465 0.059401 0.273674
0 0.179582 0.292196 0.110076 0.110076
0 0.482285 0.331858 0.067654 0.067654
0 0.567979 0.230922 0.093702 0.093702
0 0.588680 0.336410 0.130146 0.130146
0 0.421376 0.300246 0.148100 0.148100
0 0.401451 0.461776 0.065048 0.065048
0 0.838040 0.792332 0.070149 0.070149
0 0.651005 0.890697 0.205442 0.205442
0 0.189689 0.790300 0.379379 0.419401
0 0.143052 0.490050 0.219059 0.219059