0 0.948847 0.962918 0.102306 0.074164
0 0.442849 0.941781 0.108795 0.108795
0 0.695275 0.868061 0.428483 0.263879
0 0.005309 0.982672 0.010618 0.034656
0 0.281567 0.554824 0.075209 0.075209
0 0.905000 0.431752 0.070501 0.070501
0 0.845185 0.437187 0.085817 0.085817
0 0.309352 0.308527 0.188327 0.188327
0 0.013724 0.343239 0.027447 0.117382
0 0.124768 0.137924 0.108702 0.108702
0 0.109864 0.059773 0.126243 0.119546
0 0.838199 0.114320 0.085857 0.085857
0 0.940227 0.221022 0.119546 0.290834
0 0.580342 0.000396 0.319229 0.000793
0 0.500000 0.030624 1.000000 0.061249