0 0.243070 0.939260 0.076702 0.076702
0 0.843918 0.618116 0.065279 0.065279
0 0.324872 0.355318 0.068510 0.068510
0 0.453824 0.524645 0.088269 0.088269
0 0.566521 0.621851 0.177442 0.177442
0 0.626137 0.408077 0.175909 0.175909
0 0.854427 0.443351 0.159177 0.159177
0 0.812300 0.312812 0.129019 0.129019
0 0.581524 0.308338 0.072116 0.072116
0 0.319631 0.143041 0.303167 0.286083
0 0.914752 0.068245 0.170497 0.136491
0 0.992520 0.492924 0.014960 0.350419
0 0.885878 0.569148 0.228245 0.250130
0 0.938070 0.989027 0.065446 0.021947
0 0.857484 0.985195 0.285031 0.029609