0 0.725715 0.919053 0.183386 0.161893
0 0.300016 0.962918 0.203083 0.074164
0 0.105149 0.868061 0.210298 0.263879
0 0.987316 0.595649 0.025368 0.080012
0 0.570092 0.326958 0.202263 0.202263
0 0.205782 0.431752 0.070501 0.070501
0 0.145966 0.437187 0.085817 0.085817
0 0.138980 0.114320 0.085857 0.085857
0 0.326653 0.221022 0.290834 0.290834
0 0.654728 0.055034 0.108347 0.108347
0 0.894226 0.051458 0.106371 0.102917
0 0.020369 0.000396 0.040737 0.000793
0 0.213606 0.030624 0.427212 0.061249
0 0.918343 0.280369 0.089150 0.089150
0 0.942796 0.957856 0.114408 0.084288