0 0.973367 0.837495 0.053267 0.325011
0 0.237568 0.965200 0.173597 0.069600
0 0.479715 0.782837 0.088517 0.088517
0 0.980668 0.572428 0.038664 0.193040
0 0.943579 0.548866 0.063521 0.063521
0 0.568634 0.426316 0.084443 0.084443
0 0.436491 0.542885 0.110959 0.110959
0 0.383328 0.512188 0.146595 0.146595
0 0.118746 0.155803 0.222752 0.222752
0 0.728408 0.041822 0.067773 0.067773
0 0.316737 0.068874 0.076571 0.076571
0 0.225873 0.071466 0.140094 0.140094
0 0.296963 0.867626 0.078849 0.078849
0 0.175633 0.869889 0.145971 0.145971
0 0.026548 0.575029 0.053095 0.082607