0 0.144699 0.618116 0.065279 0.065279
0 0.007436 0.408077 0.014872 0.175909
0 0.155209 0.443351 0.159177 0.159177
0 0.113081 0.312812 0.129019 0.129019
0 0.919209 0.157679 0.124448 0.124448
0 0.702197 0.114180 0.258205 0.228361
0 0.223282 0.068245 0.185995 0.136491
0 0.461031 0.492924 0.350419 0.350419
0 0.737045 0.787995 0.104169 0.104169
0 0.420618 0.746196 0.105050 0.105050
0 0.197601 0.569148 0.250130 0.250130
0 0.238851 0.989027 0.065446 0.021947
0 0.926068 0.935272 0.147863 0.129456
0 0.217781 0.985195 0.404061 0.029609