0 0.068164 0.947059 0.136329 0.105882
0 0.094448 0.776861 0.085938 0.085938
0 0.027225 0.771337 0.054450 0.080352
0 0.080623 0.864214 0.117750 0.117750
0 0.536077 0.798601 0.109371 0.109371
0 0.806552 0.798242 0.386897 0.403515
0 0.917912 0.909698 0.090643 0.090643
0 0.993241 0.470099 0.013517 0.111980
0 0.609414 0.531995 0.074968 0.074968
0 0.443777 0.564555 0.082170 0.082170
0 0.197121 0.388377 0.394243 0.417123
0 0.011088 0.466112 0.022176 0.190770
0 0.127053 0.254691 0.134996 0.134996
0 0.741777 0.259072 0.516446 0.518143
0 0.659211 0.176401 0.099712 0.099712
0 0.996116 0.722952 0.007768 0.263964
0 0.053349 0.890045 0.106697 0.207692