0 0.848323 0.909522 0.086079 0.086079
0 0.836657 0.861805 0.098070 0.098070
0 0.248288 0.958533 0.063792 0.063792
0 0.355343 0.859225 0.156987 0.156987
0 0.102007 0.939510 0.074442 0.074442
0 0.182887 0.848624 0.089746 0.089746
0 0.491993 0.508675 0.084016 0.084016
0 0.016690 0.429258 0.033379 0.104168
0 0.017744 0.269077 0.035488 0.070747
0 0.271432 0.048373 0.102621 0.096745
0 0.344783 0.070975 0.102011 0.102011
0 0.355335 0.017413 0.078924 0.034826
0 0.725266 0.085789 0.102347 0.102347
0 0.973561 0.142834 0.052879 0.156748