0 0.118746 0.855022 0.222752 0.222752
0 0.728408 0.741041 0.067773 0.067773
0 0.609067 0.627238 0.074680 0.074680
0 0.316737 0.768093 0.076571 0.076571
0 0.225873 0.770684 0.140094 0.140094
0 0.040621 0.488770 0.081242 0.174879
0 0.437002 0.347005 0.150739 0.150739
0 0.803029 0.593391 0.118458 0.118458
0 0.891573 0.579277 0.085446 0.085446
0 0.783746 0.294466 0.142566 0.142566
0 0.655969 0.278409 0.149277 0.149277
0 0.532390 0.113296 0.080632 0.080632
0 0.365958 0.229831 0.063296 0.063296
0 0.744482 0.382226 0.068657 0.068657