0 0.092409 0.033608 0.091396 0.067215
0 0.879946 0.045434 0.146567 0.090867
0 0.993310 0.019967 0.013380 0.039933
0 0.966872 0.275329 0.066256 0.108626
0 0.850442 0.302443 0.122029 0.122029
0 0.713840 0.139449 0.090776 0.090776
0 0.386986 0.384989 0.098353 0.098353
0 0.051353 0.460300 0.102707 0.115689
0 0.730639 0.435501 0.118204 0.118204
0 0.555954 0.520733 0.064257 0.064257
0 0.594013 0.630453 0.166291 0.166291
0 0.926356 0.605314 0.147289 0.176959
0 0.432211 0.913092 0.069813 0.069813
0 0.422071 0.771463 0.114373 0.114373
0 0.294636 0.721635 0.132192 0.132192
0 0.090557 0.898545 0.115170 0.115170
0 0.011092 0.722166 0.022184 0.091473