0 0.150517 0.851668 0.084081 0.084081
0 0.866939 0.973945 0.142386 0.052110
0 0.539276 0.724675 0.072634 0.072634
0 0.192571 0.669188 0.072226 0.072226
0 0.657718 0.482534 0.104465 0.104465
0 0.848323 0.210304 0.086079 0.086079
0 0.836657 0.162586 0.098070 0.098070
0 0.248288 0.259314 0.063792 0.063792
0 0.355343 0.160006 0.156987 0.156987
0 0.102007 0.240291 0.074442 0.074442
0 0.182887 0.149405 0.089746 0.089746
0 0.028173 0.600200 0.056347 0.105947
0 0.551862 0.646153 0.063419 0.063419
0 0.940758 0.965459 0.118484 0.069081