0 0.506920 0.148444 0.120683 0.120683
0 0.458285 0.251377 0.200975 0.200975
0 0.148267 0.399405 0.078679 0.078679
0 0.535440 0.514535 0.089222 0.089222
0 0.289249 0.824383 0.076842 0.076842
0 0.211966 0.769894 0.152118 0.152118
0 0.162978 0.558632 0.325956 0.334273
0 0.041276 0.185189 0.082552 0.370379
0 0.092804 0.189227 0.185607 0.375860
0 0.605357 0.995870 0.096644 0.008260
0 0.054998 0.413739 0.076586 0.076586
0 0.663781 0.695887 0.128082 0.128082
0 0.678113 0.275074 0.064862 0.064862
0 0.791371 0.317566 0.152048 0.152048
0 0.674578 0.160360 0.141027 0.141027
0 0.932900 0.043352 0.134200 0.086705