0 0.178866 0.953483 0.075856 0.075856
0 0.211863 0.786891 0.071043 0.071043
0 0.235007 0.678882 0.222639 0.222639
0 0.876968 0.521292 0.068093 0.068093
0 0.589000 0.422153 0.096411 0.096411
0 0.026247 0.528522 0.052495 0.080716
0 0.035938 0.464667 0.071875 0.073835
0 0.407520 0.354682 0.111699 0.111699
0 0.730686 0.365601 0.252431 0.252431
0 0.959268 0.095456 0.081465 0.190912
0 0.053244 0.008983 0.106489 0.017967
0 0.046488 0.543373 0.092976 0.101965
0 0.170685 0.818130 0.086376 0.086376
0 0.907712 0.008637 0.184577 0.017275