0 0.017744 0.966461 0.035488 0.067077
0 0.271432 0.744653 0.102621 0.102621
0 0.344783 0.770194 0.102011 0.102011
0 0.355335 0.694583 0.078924 0.078924
0 0.725266 0.785008 0.102347 0.102347
0 0.973561 0.842053 0.052879 0.156748
0 0.974341 0.524337 0.051318 0.068417
0 0.718609 0.566134 0.079647 0.079647
0 0.490389 0.468073 0.084255 0.084255
0 0.737045 0.088776 0.104169 0.104169
0 0.420618 0.049751 0.105050 0.099503
0 0.238851 0.311558 0.065446 0.065446
0 0.926068 0.266126 0.147863 0.189602
0 0.217781 0.473203 0.404061 0.404061