0 0.955135 0.934087 0.089731 0.131826
0 0.704681 0.927584 0.090676 0.090676
0 0.528643 0.868695 0.064776 0.064776
0 0.433228 0.928895 0.207156 0.142209
0 0.200418 0.620380 0.110375 0.110375
0 0.393791 0.725169 0.079093 0.079093
0 0.964118 0.453561 0.071765 0.075851
0 0.912430 0.377737 0.175140 0.227371
0 0.769559 0.305064 0.117392 0.117392
0 0.388293 0.390245 0.135062 0.135062
0 0.175319 0.266619 0.096863 0.096863
0 0.127598 0.030913 0.074210 0.061827
0 0.834150 0.082451 0.199168 0.164902
0 0.066741 0.306601 0.084968 0.084968
0 0.743945 0.439159 0.174487 0.174487
0 0.050010 0.193633 0.097328 0.097328
0 0.639276 0.392593 0.164801 0.164801
0 0.048417 0.486784 0.096835 0.179401