0 0.128920 0.993006 0.114371 0.013988
0 0.029294 0.947924 0.058588 0.104151
0 0.050316 0.608240 0.100632 0.140734
0 0.524424 0.655512 0.090493 0.090493
0 0.440695 0.677738 0.068541 0.068541
0 0.568036 0.593963 0.168841 0.168841
0 0.985622 0.629281 0.028757 0.123274
0 0.361518 0.438691 0.092788 0.092788
0 0.068164 0.286549 0.136329 0.183300
0 0.094448 0.077642 0.085938 0.085938
0 0.027225 0.072118 0.054450 0.080352
0 0.080623 0.164996 0.117750 0.117750
0 0.536077 0.099382 0.109371 0.109371
0 0.806552 0.241366 0.386897 0.482733
0 0.917912 0.210480 0.090643 0.090643
0 0.996116 0.077858 0.007768 0.155715
0 0.053349 0.190826 0.106697 0.207692