0 0.818392 0.940756 0.206479 0.118488
0 0.010007 0.818279 0.020014 0.363443
0 0.203247 0.715463 0.188524 0.188524
0 0.500000 0.500000 1.000000 1.000000
0 0.829604 0.487093 0.068971 0.068971
0 0.675590 0.453498 0.118477 0.118477
0 0.440118 0.515212 0.318049 0.318049
0 0.159513 0.502610 0.068210 0.068210
0 0.047212 0.190779 0.094424 0.262300
0 0.294294 0.347222 0.078575 0.078575
0 0.619277 0.314761 0.206861 0.206861
0 0.927642 0.144006 0.144715 0.156281
0 0.994929 0.058698 0.010142 0.117396
0 0.663873 0.071710 0.063615 0.063615
0 0.688133 0.027144 0.185050 0.054289
0 0.236436 0.054720 0.209988 0.109439