0 0.874538 0.958703 0.096863 0.082593
0 0.413687 0.949840 0.073428 0.073428
0 0.024173 0.995986 0.048345 0.008029
0 0.271194 0.764925 0.141227 0.141227
0 0.826817 0.723941 0.074210 0.074210
0 0.364443 0.235551 0.077637 0.077637
0 0.708494 0.220634 0.092346 0.092346
0 0.992916 0.292396 0.014169 0.246347
0 0.917875 0.151990 0.106145 0.106145
0 0.759572 0.005782 0.087410 0.011563
0 0.346622 0.102193 0.069545 0.069545
0 0.373042 0.023990 0.122269 0.047979
0 0.765960 0.981668 0.084968 0.036664
0 0.749228 0.892851 0.097328 0.097328