0 0.488459 0.030934 0.424223 0.061867
0 0.625452 0.126013 0.087805 0.087805
0 0.876798 0.553662 0.246147 0.246147
0 0.816010 0.325100 0.112442 0.112442
0 0.622945 0.314703 0.123215 0.123215
0 0.071977 0.802618 0.069509 0.069509
0 0.039543 0.789405 0.079087 0.137578
0 0.046991 0.852612 0.093981 0.136412
0 0.378730 0.848929 0.148477 0.148477
0 0.106004 0.021793 0.124117 0.043586
0 0.155036 0.049035 0.117639 0.098069
0 0.266940 0.120363 0.210440 0.210440
0 0.058346 0.269312 0.116692 0.382701
0 0.216923 0.362512 0.096705 0.096705
0 0.257437 0.300397 0.151245 0.151245
0 0.293530 0.661096 0.117507 0.117507
0 0.179994 0.634278 0.101819 0.101819
0 0.041679 0.517956 0.083358 0.093002
0 0.573767 0.045808 0.094010 0.091615
0 0.852976 0.883241 0.065257 0.065257