0 0.752456 0.655985 0.495088 0.688029
0 0.531265 0.934688 0.166978 0.130625
0 0.662493 0.879424 0.262300 0.241152
0 0.915331 0.703664 0.169339 0.209988
0 0.412547 0.668495 0.196504 0.196504
0 0.337997 0.682846 0.292078 0.292078
0 0.588039 0.629243 0.120573 0.120573
0 0.333677 0.642487 0.116142 0.116142
0 0.165235 0.632824 0.250202 0.250202
0 0.951814 0.517424 0.096373 0.180039
0 0.948847 0.328159 0.102306 0.203083
0 0.442849 0.242562 0.108795 0.108795
0 0.695275 0.251144 0.428483 0.428483
0 0.005309 0.327932 0.010618 0.123615