0 0.966618 0.783498 0.066763 0.071317
0 0.756884 0.818130 0.143128 0.143128
0 0.084528 0.961201 0.142566 0.077598
0 0.015694 0.951494 0.031389 0.097011
0 0.043318 0.530969 0.074298 0.074298
0 0.153653 0.637611 0.089271 0.089271
0 0.350563 0.590857 0.101592 0.101592
0 0.887982 0.391649 0.071355 0.071355
0 0.909852 0.507092 0.141832 0.141832
0 0.178866 0.254264 0.075856 0.075856
0 0.211863 0.087672 0.071043 0.071043
0 0.235007 0.045492 0.222639 0.090983
0 0.170685 0.118912 0.086376 0.086376
0 0.574842 0.743506 0.118721 0.118721