0 0.846744 0.317464 0.076392 0.076392
0 0.865255 0.104814 0.225370 0.209629
0 0.587395 0.213389 0.075961 0.075961
0 0.384652 0.260272 0.105296 0.105296
0 0.191761 0.184739 0.071217 0.071217
0 0.099878 0.194118 0.199756 0.261941
0 0.887977 0.519772 0.097410 0.097410
0 0.761345 0.552452 0.113089 0.113089
0 0.742417 0.572695 0.083123 0.083123
0 0.822189 0.699553 0.082773 0.082773
0 0.918258 0.766993 0.163484 0.256131
0 0.955202 0.793322 0.089596 0.091526
0 0.034969 0.860100 0.069938 0.073745
0 0.082210 0.673567 0.164321 0.164321
0 0.448078 0.974101 0.120244 0.051799
0 0.467498 0.354131 0.134218 0.134218