0 0.387416 0.950927 0.344736 0.098146
0 0.878085 0.953483 0.075856 0.075856
0 0.911082 0.786891 0.071043 0.071043
0 0.911453 0.678882 0.177094 0.222639
0 0.711356 0.528522 0.080716 0.080716
0 0.734176 0.464667 0.073835 0.073835
0 0.258714 0.582242 0.092235 0.092235
0 0.158619 0.404666 0.314115 0.314115
0 0.152715 0.405847 0.073629 0.073629
0 0.584432 0.302600 0.109035 0.109035
0 0.514801 0.329482 0.152410 0.152410
0 0.565180 0.008983 0.481055 0.017967
0 0.741212 0.543373 0.101965 0.101965
0 0.869903 0.818130 0.086376 0.086376
0 0.563433 0.492228 0.067706 0.067706
0 0.470820 0.440533 0.075610 0.075610