0 0.437002 0.985427 0.150739 0.029145
0 0.783746 0.961201 0.142566 0.077598
0 0.655969 0.951494 0.149277 0.097011
0 0.532390 0.812514 0.080632 0.080632
0 0.365958 0.929050 0.063296 0.063296
0 0.094643 0.541432 0.166295 0.166295
0 0.742537 0.530969 0.074298 0.074298
0 0.852872 0.637611 0.089271 0.089271
0 0.999493 0.590857 0.001014 0.101592
0 0.387416 0.375004 0.344736 0.344736
0 0.878085 0.254264 0.075856 0.075856
0 0.911082 0.087672 0.071043 0.071043
0 0.911453 0.045492 0.177094 0.090983
0 0.869903 0.118912 0.086376 0.086376