0 0.515045 0.198562 0.093712 0.093712
0 0.561157 0.216149 0.086992 0.086992
0 0.943188 0.365158 0.095445 0.095445
0 0.992747 0.513264 0.014506 0.114251
0 0.020062 0.473860 0.040123 0.083665
0 0.401080 0.682407 0.063860 0.063860
0 0.358682 0.764218 0.128427 0.128427
0 0.285365 0.838659 0.085226 0.085226
0 0.802452 0.804975 0.069312 0.069312
0 0.855698 0.914237 0.196321 0.171525
0 0.970299 0.890423 0.059401 0.219153
0 0.179582 0.968189 0.110076 0.063623
0 0.482285 0.998625 0.067654 0.002750
0 0.567979 0.930140 0.093702 0.093702
0 0.588680 0.985278 0.130146 0.029444
0 0.421376 0.962708 0.148100 0.074585