0 0.961076 0.025186 0.077849 0.050371
0 0.331624 0.049131 0.106428 0.098263
0 0.115968 0.162118 0.064822 0.064822
0 0.907351 0.460288 0.083048 0.083048
0 0.567580 0.699293 0.072977 0.072977
0 0.247335 0.942388 0.168457 0.115223
0 0.328377 0.870551 0.102587 0.102587
0 0.488620 0.941178 0.064073 0.064073
0 0.700412 0.807144 0.084046 0.084046
0 0.623695 0.927081 0.147601 0.145838
0 0.914079 0.912301 0.171841 0.175398
0 0.477209 0.424635 0.406959 0.406959
0 0.500433 0.741865 0.073826 0.073826
0 0.794921 0.562345 0.071617 0.071617