0 0.897568 0.892315 0.204863 0.215370
0 0.575093 0.942201 0.197141 0.115597
0 0.019878 0.804981 0.039757 0.088093
0 0.427584 0.892410 0.094093 0.094093
0 0.446729 0.796852 0.072814 0.072814
0 0.542648 0.701754 0.065208 0.065208
0 0.560049 0.719701 0.332568 0.332568
0 0.735290 0.772519 0.064722 0.064722
0 0.726915 0.862276 0.079257 0.079257
0 0.769028 0.952512 0.102780 0.094976
0 0.939867 0.879743 0.098650 0.098650
0 0.885963 0.468793 0.088609 0.088609
0 0.798069 0.464693 0.067384 0.067384
0 0.415489 0.587341 0.110814 0.110814
0 0.391621 0.664414 0.122665 0.122665
0 0.394648 0.680797 0.100380 0.100380
0 0.237433 0.603738 0.100950 0.100950
0 0.312072 0.366630 0.082221 0.082221
0 0.584294 0.168622 0.071039 0.071039
0 0.987121 0.123185 0.025758 0.151241
0 0.723425 0.006487 0.108019 0.012974
0 0.586401 0.089543 0.122955 0.122955
0 0.549617 0.020969 0.105211 0.041939
0 0.370757 0.049038 0.196923 0.098076
0 0.264652 0.123914 0.092414 0.092414
0 0.092834 0.061738 0.185668 0.123475