0 0.987918 0.973074 0.024163 0.053851
0 0.752079 0.873156 0.495843 0.253689
0 0.018608 0.837495 0.037215 0.325011
0 0.231071 0.711549 0.076175 0.076175
0 0.664382 0.717990 0.066289 0.066289
0 0.892390 0.847889 0.121857 0.121857
0 0.903084 0.380234 0.193831 0.760467
0 0.955966 0.624242 0.081153 0.081153
0 0.176395 0.507396 0.100400 0.100400
0 0.000181 0.608764 0.000361 0.085397
0 0.901291 0.309202 0.092837 0.092837
0 0.923410 0.000059 0.136385 0.000117
0 0.698914 0.001038 0.188632 0.002075
0 0.057113 0.141807 0.114225 0.186695
0 0.874041 0.760340 0.111331 0.111331