0 0.791628 0.033608 0.091396 0.067215
0 0.438303 0.251297 0.113491 0.113491
0 0.390958 0.092625 0.066190 0.066190
0 0.744081 0.460300 0.115689 0.115689
0 0.963879 0.721635 0.072242 0.132192
0 0.789775 0.898545 0.115170 0.115170
0 0.429856 0.782211 0.172187 0.172187
0 0.378900 0.980883 0.066426 0.038234
0 0.056195 0.045269 0.112390 0.090537
0 0.029910 0.117606 0.059820 0.235211
0 0.191367 0.139423 0.068964 0.068964
0 0.218815 0.573357 0.094922 0.094922
0 0.117470 0.762242 0.104270 0.104270
0 0.235403 0.328329 0.072024 0.072024
0 0.675666 0.722166 0.091473 0.091473