0 0.585475 0.793372 0.063977 0.063977
0 0.557644 0.767236 0.101655 0.101655
0 0.014302 0.695887 0.028603 0.128082
0 0.373912 0.384347 0.109739 0.109739
0 0.703657 0.455796 0.119677 0.119677
0 0.862596 0.512884 0.077652 0.077652
0 0.886784 0.163259 0.170371 0.170371
0 0.554041 0.226147 0.116843 0.116843
0 0.484003 0.274906 0.080253 0.080253
0 0.521278 0.190580 0.162717 0.162717
0 0.005663 0.275074 0.011325 0.064862
0 0.092152 0.317566 0.152048 0.152048
0 0.022936 0.160360 0.045873 0.141027
0 0.245719 0.043352 0.158276 0.086705
0 0.984501 0.062758 0.030997 0.125516