0 0.594013 0.007190 0.166291 0.014380
0 0.432211 0.213873 0.069813 0.069813
0 0.422071 0.072244 0.114373 0.114373
0 0.294636 0.044256 0.132192 0.088512
0 0.090557 0.199326 0.115170 0.115170
0 0.805042 0.638192 0.389915 0.467696
0 0.042970 0.802754 0.068677 0.068677
0 0.392356 0.784070 0.140852 0.140852
0 0.678206 0.900056 0.066746 0.066746
0 0.002646 0.916829 0.005291 0.114554
0 0.195472 0.944114 0.085135 0.085135
0 0.055733 0.996423 0.111466 0.007153
0 0.011092 0.034342 0.022184 0.068684
0 0.662663 0.496895 0.276996 0.276996