0 0.987783 0.548974 0.024434 0.424223
0 0.671443 0.029812 0.162863 0.059624
0 0.629816 0.082295 0.106050 0.106050
0 0.741831 0.140319 0.336241 0.280638
0 0.437434 0.051457 0.141270 0.102914
0 0.003245 0.238445 0.006490 0.228639
0 0.070746 0.275659 0.126266 0.126266
0 0.049540 0.516080 0.099080 0.240058
0 0.529718 0.474179 0.064756 0.064756
0 0.591650 0.266579 0.072947 0.072947
0 0.677261 0.486939 0.157599 0.157599
0 0.734647 0.598542 0.080683 0.080683
0 0.805223 0.680747 0.124117 0.124117
0 0.854255 0.738468 0.117639 0.117639
0 0.930470 0.819582 0.139061 0.210440
0 0.396499 0.639200 0.235323 0.235323
0 0.624560 0.888590 0.382701 0.222820
0 0.940517 0.961997 0.118967 0.076006