0 0.416568 0.892315 0.641300 0.215370
0 0.013557 0.719701 0.027114 0.332568
0 0.036071 0.772519 0.064722 0.064722
0 0.033662 0.862276 0.067325 0.079257
0 0.069810 0.952512 0.102780 0.094976
0 0.635718 0.840310 0.074281 0.074281
0 0.373805 0.842438 0.113858 0.113858
0 0.240648 0.879743 0.098650 0.098650
0 0.395272 0.705003 0.075895 0.075895
0 0.380004 0.754024 0.095181 0.095181
0 0.970983 0.979679 0.058034 0.040641
0 0.186744 0.468793 0.088609 0.088609
0 0.098850 0.464693 0.067384 0.067384
0 0.362932 0.304068 0.108109 0.108109
0 0.945588 0.064833 0.108824 0.129666
0 0.987412 0.000670 0.025175 0.001340
0 0.864454 0.029353 0.250202 0.058706
0 0.410948 0.096222 0.116673 0.116673
0 0.525940 0.047065 0.117259 0.094130
0 0.350644 0.123185 0.151241 0.151241
0 0.039108 0.006487 0.078216 0.012974