0 0.041919 0.968128 0.083839 0.063744
0 0.436527 0.905815 0.075832 0.075832
0 0.095488 0.796309 0.190975 0.281560
0 0.060820 0.697396 0.121639 0.354429
0 0.899637 0.620380 0.110375 0.110375
0 0.874538 0.266619 0.096863 0.096863
0 0.606564 0.446062 0.072038 0.072038
0 0.345570 0.483370 0.098346 0.098346
0 0.413687 0.250621 0.073428 0.073428
0 0.024173 0.374002 0.048345 0.162499
0 0.271194 0.068160 0.141227 0.136319
0 0.826817 0.030913 0.074210 0.061827
0 0.765960 0.306601 0.084968 0.084968
0 0.749228 0.193633 0.097328 0.097328
0 0.706353 0.486784 0.179401 0.179401