0 0.309352 0.956791 0.188327 0.086418
0 0.013724 0.991884 0.027447 0.016233
0 0.124768 0.837142 0.108702 0.108702
0 0.109864 0.755643 0.126243 0.126243
0 0.838199 0.813539 0.085857 0.085857
0 0.940227 0.887412 0.119546 0.225176
0 0.998298 0.461256 0.003404 0.089972
0 0.580342 0.540397 0.319229 0.319229
0 0.500000 0.380234 1.000000 0.760467
0 0.169843 0.565963 0.097408 0.097408
0 0.231704 0.446027 0.083788 0.083788
0 0.186876 0.311107 0.097653 0.097653
0 0.340036 0.346553 0.160928 0.160928
0 0.962724 0.009637 0.074553 0.019274
0 0.324426 0.001707 0.092729 0.003414