0 0.987783 0.030934 0.024434 0.061867
0 0.771196 0.802618 0.069509 0.069509
0 0.709516 0.789405 0.137578 0.137578
0 0.724994 0.852612 0.136412 0.136412
0 0.263890 0.985075 0.065025 0.029850
0 0.524637 0.958458 0.146240 0.083083
0 0.416370 0.943147 0.201617 0.113707
0 0.805223 0.021793 0.124117 0.043586
0 0.854255 0.049035 0.117639 0.098069
0 0.930470 0.120363 0.139061 0.210440
0 0.396499 0.028821 0.235323 0.057643
0 0.624560 0.269312 0.382701 0.382701
0 0.916141 0.362512 0.096705 0.096705
0 0.940517 0.300397 0.118967 0.151245
0 0.966997 0.661096 0.066005 0.117507
0 0.879213 0.634278 0.101819 0.101819
0 0.615442 0.619126 0.148495 0.148495
0 0.593986 0.497549 0.117665 0.117665
0 0.736075 0.517956 0.093002 0.093002
0 0.202911 0.611584 0.174886 0.174886
0 0.148900 0.764219 0.159619 0.159619
0 0.295029 0.724696 0.164835 0.164835
0 0.637838 0.675721 0.065213 0.065213