0 0.172782 0.110583 0.088360 0.088360
0 0.969061 0.166644 0.061877 0.128778
0 0.676768 0.365369 0.079279 0.079279
0 0.558644 0.543984 0.110647 0.110647
0 0.492305 0.376068 0.292092 0.292092
0 0.173699 0.503771 0.110194 0.110194
0 0.204988 0.343130 0.256592 0.256592
0 0.006569 0.545777 0.013138 0.273929
0 0.751509 0.904962 0.085585 0.085585
0 0.536256 0.845274 0.078161 0.078161
0 0.076328 0.922241 0.152657 0.155517
0 0.335079 0.862423 0.463959 0.275153
0 0.784345 0.856730 0.431311 0.286540
0 0.845144 0.513941 0.111708 0.111708