0 0.771196 0.103399 0.069509 0.069509
0 0.709516 0.090186 0.137578 0.137578
0 0.724994 0.153394 0.136412 0.136412
0 0.263890 0.303444 0.065025 0.065025
0 0.524637 0.290818 0.146240 0.146240
0 0.416370 0.287883 0.201617 0.201617
0 0.036654 0.551049 0.066757 0.066757
0 0.392473 0.669531 0.066432 0.066432
0 0.058198 0.737664 0.073728 0.073728
0 0.019308 0.679711 0.038615 0.089572
0 0.461303 0.530264 0.096822 0.096822
0 0.873290 0.649346 0.178489 0.178489
0 0.960141 0.953109 0.079718 0.093783
0 0.400982 0.986650 0.068923 0.026701
0 0.131767 0.773164 0.075684 0.075684
0 0.966997 0.010315 0.066005 0.020631
0 0.148900 0.072405 0.159619 0.144809
0 0.295029 0.053948 0.164835 0.107895
0 0.637838 0.004554 0.065213 0.009109