0 0.912430 0.981635 0.175140 0.036730
0 0.769559 0.972793 0.117392 0.054413
0 0.175319 0.958703 0.096863 0.082593
0 0.127598 0.723941 0.074210 0.074210
0 0.834150 0.764537 0.199168 0.199168
0 0.770790 0.537391 0.290749 0.290749
0 0.414160 0.579531 0.171494 0.171494
0 0.027724 0.220634 0.055448 0.092346
0 0.472675 0.362105 0.072066 0.072066
0 0.409786 0.292396 0.246347 0.246347
0 0.657085 0.347461 0.065344 0.065344
0 0.607397 0.149704 0.297621 0.297621
0 0.833885 0.061514 0.091191 0.091191
0 0.218656 0.151990 0.106145 0.106145
0 0.060353 0.005782 0.087410 0.011563
0 0.066741 0.981668 0.084968 0.036664
0 0.869978 0.256533 0.260044 0.400833
0 0.050010 0.892851 0.097328 0.097328