0 0.500000 0.655985 1.000000 0.688029
0 0.047212 0.879424 0.094424 0.241152
0 0.619277 0.955275 0.206861 0.089450
0 0.927642 0.843225 0.144715 0.156281
0 0.994929 0.754054 0.010142 0.125122
0 0.663873 0.770929 0.063615 0.063615
0 0.688133 0.660983 0.185050 0.185050
0 0.560415 0.627929 0.091969 0.091969
0 0.236436 0.703664 0.209988 0.209988
0 0.294428 0.517424 0.180039 0.180039
0 0.865556 0.461822 0.241494 0.241494
0 0.725715 0.230581 0.183386 0.183386
0 0.300016 0.328159 0.203083 0.203083
0 0.105149 0.251144 0.210298 0.428483
0 0.942796 0.286245 0.114408 0.139502