0 0.584294 0.867841 0.071039 0.071039
0 0.987121 0.822404 0.025758 0.151241
0 0.723425 0.658184 0.108019 0.108019
0 0.586401 0.788762 0.122955 0.122955
0 0.549617 0.688552 0.105211 0.105211
0 0.370757 0.698833 0.196923 0.196923
0 0.264652 0.823133 0.092414 0.092414
0 0.092834 0.712755 0.185668 0.219878
0 0.950071 0.181399 0.071896 0.071896
0 0.573689 0.281116 0.076418 0.076418
0 0.508558 0.324073 0.067017 0.067017
0 0.354847 0.191846 0.129692 0.129692
0 0.036582 0.203953 0.073164 0.138781
0 0.052308 0.009332 0.096237 0.018664
0 0.166657 0.052720 0.203792 0.105440
0 0.446913 0.010756 0.173872 0.021513