0 0.289249 0.125164 0.076842 0.076842
0 0.211966 0.073367 0.152118 0.146734
0 0.134144 0.647025 0.092546 0.092546
0 0.389262 0.826050 0.289098 0.289098
0 0.183583 0.845895 0.069598 0.069598
0 0.274194 0.964645 0.121511 0.070710
0 0.162978 0.013275 0.325956 0.026549
0 0.605357 0.340843 0.096644 0.096644
0 0.812309 0.986359 0.149406 0.027282
0 0.997530 0.799573 0.004940 0.086197
0 0.861401 0.865756 0.277198 0.268489
0 0.980059 0.595462 0.039883 0.090730
0 0.662963 0.464108 0.167581 0.167581
0 0.663781 0.030354 0.128082 0.060709
0 0.833356 0.390143 0.065517 0.065517