0 0.961175 0.031258 0.077651 0.062517
0 0.829133 0.037202 0.183870 0.074403
0 0.122439 0.082419 0.144859 0.144859
0 0.398657 0.151236 0.141552 0.141552
0 0.395653 0.232197 0.171622 0.171622
0 0.131027 0.305821 0.108018 0.108018
0 0.519610 0.276994 0.085227 0.085227
0 0.787074 0.688670 0.070527 0.070527
0 0.938667 0.652532 0.122666 0.171485
0 0.163853 0.533276 0.120839 0.120839
0 0.126895 0.626608 0.111697 0.111697
0 0.006278 0.698387 0.012556 0.070827
0 0.331987 0.783996 0.113051 0.113051
0 0.539131 0.839560 0.063469 0.063469
0 0.812610 0.807649 0.147912 0.147912
0 0.985126 0.825191 0.029748 0.094385
0 0.893486 0.782419 0.187022 0.187022
0 0.543461 0.574234 0.120061 0.120061
0 0.085996 0.132264 0.093024 0.093024
0 0.233440 0.341421 0.234208 0.234208
0 0.586525 0.476132 0.129525 0.129525