0 0.180727 0.045434 0.146567 0.090867
0 0.321252 0.019967 0.067702 0.039933
0 0.434667 0.317485 0.106204 0.106204
0 0.288839 0.275329 0.108626 0.108626
0 0.151224 0.302443 0.122029 0.122029
0 0.030005 0.139449 0.060009 0.090776
0 0.045261 0.435501 0.090522 0.118204
0 0.241972 0.605314 0.176959 0.176959
0 0.439082 0.408755 0.069077 0.069077
0 0.643970 0.596278 0.071013 0.071013
0 0.847486 0.399405 0.078679 0.078679
0 0.479518 0.644772 0.198419 0.198419
0 0.666258 0.706297 0.065372 0.065372
0 0.975023 0.824383 0.049953 0.076842
0 0.911184 0.769894 0.152118 0.152118
0 0.845451 0.558632 0.309098 0.334273
0 0.560131 0.185189 0.443280 0.370379
0 0.696896 0.189227 0.375860 0.375860
0 0.754217 0.413739 0.076586 0.076586