0 0.028494 0.848923 0.056989 0.297621
0 0.627203 0.897523 0.065846 0.065846
0 0.849736 0.851668 0.084081 0.084081
0 0.891790 0.669188 0.072226 0.072226
0 0.383202 0.672913 0.153653 0.153653
0 0.134666 0.760733 0.091191 0.091191
0 0.006715 0.346591 0.013430 0.197677
0 0.217269 0.503958 0.147939 0.147939
0 0.603334 0.548491 0.063487 0.063487
0 0.947506 0.259314 0.063792 0.063792
0 0.988034 0.160006 0.023932 0.156987
0 0.801225 0.240291 0.074442 0.074442
0 0.882106 0.149405 0.089746 0.089746
0 0.565108 0.295309 0.086390 0.086390
0 0.167675 0.187918 0.068143 0.068143
0 0.066953 0.270868 0.076038 0.076038
0 0.122221 0.118357 0.100567 0.100567
0 0.049853 0.134842 0.099706 0.269685
0 0.550596 0.964011 0.080403 0.071979
0 0.702592 0.600200 0.105947 0.105947
0 0.241154 0.877668 0.400833 0.244664