0 0.439816 0.923717 0.098392 0.098392
0 0.450524 0.967416 0.132443 0.065168
0 0.014001 0.963838 0.028002 0.072324
0 0.002187 0.928258 0.004373 0.090642
0 0.053187 0.737451 0.106373 0.195830
0 0.283977 0.571729 0.075941 0.075941
0 0.727490 0.620212 0.109293 0.109293
0 0.526182 0.462652 0.074581 0.074581
0 0.430667 0.506923 0.217838 0.217838
0 0.082441 0.432881 0.164882 0.253736
0 0.464204 0.122596 0.076365 0.076365
0 0.889145 0.163164 0.078034 0.078034
0 0.728405 0.006564 0.107271 0.013127
0 0.336546 0.003655 0.071541 0.007309
0 0.028404 0.026401 0.056808 0.052801