0 0.006715 0.973486 0.013430 0.053029
0 0.947506 0.958533 0.063792 0.063792
0 0.988034 0.859225 0.023932 0.156987
0 0.801225 0.939510 0.074442 0.074442
0 0.882106 0.848624 0.089746 0.089746
0 0.565108 0.975667 0.086390 0.048667
0 0.167675 0.887136 0.068143 0.068143
0 0.066953 0.966034 0.076038 0.067933
0 0.122221 0.817576 0.100567 0.100567
0 0.680514 0.429258 0.104168 0.104168
0 0.562399 0.353873 0.107471 0.107471
0 0.699333 0.269077 0.070747 0.070747
0 0.370262 0.356131 0.106013 0.106013
0 0.397018 0.448174 0.142436 0.142436
0 0.072144 0.166967 0.144288 0.285719
0 0.959670 0.048373 0.080660 0.096745
0 0.996498 0.070975 0.007003 0.102011
0 0.049853 0.751584 0.099706 0.434640