0 0.402605 0.991181 0.084845 0.017637
0 0.508234 0.939368 0.216248 0.121264
0 0.113091 0.986359 0.149406 0.027282
0 0.338940 0.799573 0.086197 0.086197
0 0.186880 0.865756 0.326594 0.268489
0 0.617074 0.920827 0.064250 0.064250
0 0.673218 0.720000 0.213289 0.213289
0 0.635414 0.610481 0.083636 0.083636
0 0.306263 0.595462 0.090730 0.090730
0 0.023767 0.464108 0.047535 0.167581
0 0.348255 0.407630 0.067651 0.067651
0 0.585475 0.094153 0.063977 0.063977
0 0.557644 0.068017 0.101655 0.101655
0 0.014302 0.030354 0.028603 0.060709
0 0.563921 0.381510 0.089535 0.089535
0 0.737230 0.558348 0.107623 0.107623
0 0.134137 0.390143 0.065517 0.065517