0 0.648030 0.982672 0.123615 0.034656
0 0.250853 0.880617 0.071896 0.071896
0 0.586985 0.737622 0.090002 0.090002
0 0.971590 0.554824 0.056819 0.075209
0 0.957204 0.308527 0.085592 0.188327
0 0.667975 0.343239 0.117382 0.117382
0 0.342480 0.312792 0.131724 0.131724
0 0.403713 0.317715 0.197607 0.197607
0 0.173074 0.317697 0.346148 0.541209
0 0.193172 0.148671 0.121857 0.121857
0 0.408682 0.061607 0.124010 0.123214
0 0.617809 0.050210 0.107457 0.100419
0 0.823987 0.137924 0.108702 0.108702
0 0.809083 0.059773 0.126243 0.119546
0 0.553475 0.030624 0.893050 0.061249
0 0.174822 0.061121 0.111331 0.111331