0 0.666865 0.963838 0.120712 0.072324
0 0.658271 0.928258 0.090642 0.090642
0 0.375448 0.934087 0.328794 0.131826
0 0.570062 0.995895 0.131732 0.008209
0 0.559721 0.953174 0.104325 0.093651
0 0.025400 0.927584 0.050800 0.090676
0 0.526816 0.722268 0.072734 0.072734
0 0.707677 0.737451 0.195830 0.195830
0 0.972613 0.571729 0.054775 0.075941
0 0.737232 0.432881 0.253736 0.253736
0 0.266942 0.453561 0.075851 0.075851
0 0.239327 0.377737 0.227371 0.227371
0 0.070341 0.305064 0.117392 0.117392
0 0.134931 0.082451 0.199168 0.164902
0 0.530832 0.168379 0.078820 0.078820
0 0.999997 0.003655 0.000006 0.007309
0 0.673445 0.026401 0.165164 0.052801
0 0.511545 0.368191 0.090550 0.090550
0 0.065985 0.439159 0.131970 0.174487
0 0.011229 0.392593 0.022458 0.164801