0 0.957133 0.950927 0.085734 0.098146
0 0.385192 0.950050 0.086834 0.086834
0 0.038610 0.785008 0.077221 0.102347
0 0.326277 0.842053 0.156748 0.156748
0 0.425583 0.855840 0.196998 0.196998
0 0.955908 0.582242 0.088185 0.092235
0 0.850390 0.404666 0.299219 0.314115
0 0.851934 0.405847 0.073629 0.073629
0 0.283672 0.524337 0.068417 0.068417
0 0.581829 0.435653 0.077830 0.077830
0 0.401088 0.485204 0.198273 0.198273
0 0.029607 0.566134 0.059214 0.079647
0 0.396499 0.009536 0.081339 0.019072
0 0.605702 0.084358 0.095819 0.095819
0 0.472214 0.118061 0.107078 0.107078
0 0.044956 0.088776 0.089911 0.104169
0 0.247719 0.266126 0.189602 0.189602
0 0.388316 0.243706 0.085540 0.085540
0 0.512109 0.326030 0.068198 0.068198