0 0.828485 0.924469 0.225034 0.151062
0 0.342008 0.932040 0.107724 0.107724
0 0.650277 0.532226 0.065379 0.065379
0 0.194955 0.480134 0.133275 0.133275
0 0.157214 0.631939 0.068975 0.068975
0 0.368660 0.556800 0.101457 0.101457
0 0.031977 0.637847 0.063954 0.078047
0 0.016262 0.430637 0.032523 0.100746
0 0.648256 0.252037 0.090995 0.090995
0 0.839447 0.365323 0.215987 0.215987
0 0.869406 0.024350 0.174687 0.048701
0 0.502856 0.151107 0.069226 0.069226
0 0.419160 0.225936 0.102321 0.102321
0 0.109071 0.971532 0.072562 0.056936
0 0.748236 0.442177 0.067723 0.067723
0 0.681955 0.760430 0.172993 0.172993