0 0.293695 0.101451 0.067698 0.067698
0 0.742189 0.103535 0.068677 0.068677
0 0.647233 0.217610 0.114554 0.114554
0 0.541325 0.230803 0.102304 0.102304
0 0.894691 0.244895 0.085135 0.085135
0 0.751701 0.352612 0.117968 0.117968
0 0.025052 0.570359 0.050105 0.132730
0 0.772514 0.577815 0.245580 0.245580
0 0.955549 0.649571 0.080063 0.080063
0 0.903909 0.906102 0.094492 0.094492
0 0.594743 0.714477 0.303035 0.303035
0 0.319054 0.631909 0.095306 0.095306
0 0.038178 0.831181 0.076357 0.137266
0 0.111728 0.944169 0.223456 0.111663
0 0.381810 0.993605 0.230038 0.012790
0 0.254989 0.556696 0.126404 0.126404