0 0.788410 0.026980 0.194976 0.053960
0 0.982760 0.170861 0.034480 0.230852
0 0.634265 0.145682 0.087652 0.087652
0 0.288341 0.031258 0.130422 0.062517
0 0.129914 0.037202 0.183870 0.074403
0 0.970314 0.398394 0.059372 0.158277
0 0.645462 0.597853 0.157356 0.157356
0 0.087855 0.688670 0.070527 0.070527
0 0.263858 0.652532 0.171485 0.171485
0 0.113392 0.807649 0.147912 0.147912
0 0.318225 0.825191 0.094385 0.094385
0 0.194267 0.782419 0.187022 0.187022
0 0.549405 0.814536 0.141349 0.141349
0 0.700633 0.864343 0.072486 0.072486
0 0.530057 0.302501 0.396560 0.396560