0 0.561847 0.061702 0.073164 0.073164
0 0.451566 0.122047 0.090580 0.090580
0 0.538158 0.276824 0.101382 0.101382
0 0.558888 0.433353 0.081380 0.081380
0 0.243969 0.365158 0.095445 0.095445
0 0.343400 0.513264 0.114251 0.114251
0 0.103233 0.804975 0.069312 0.069312
0 0.381377 0.665754 0.104931 0.104931
0 0.581640 0.730034 0.132115 0.132115
0 0.520375 0.814695 0.089980 0.089980
0 0.156479 0.914237 0.196321 0.171525
0 0.378217 0.890423 0.273674 0.219153
0 0.703191 0.341881 0.129044 0.129044
0 0.849041 0.173297 0.077632 0.077632
0 0.841445 0.037799 0.164200 0.075599