0 0.334615 0.064595 0.121344 0.121344
0 0.979532 0.101451 0.040935 0.067698
0 0.629860 0.212934 0.084913 0.084913
0 0.474735 0.291103 0.107345 0.107345
0 0.265788 0.445319 0.064087 0.064087
0 0.289178 0.370499 0.138548 0.138548
0 0.682959 0.570359 0.132730 0.132730
0 0.415839 0.584282 0.208189 0.208189
0 0.985310 0.631909 0.029381 0.095306
0 0.706942 0.831181 0.137266 0.137266
0 0.218143 0.893543 0.065071 0.065071
0 0.224720 0.920094 0.089036 0.089036
0 0.003041 0.653764 0.006082 0.131871
0 0.757184 0.944169 0.330981 0.111663
0 0.983005 0.993605 0.033990 0.012790
0 0.347826 0.073317 0.365820 0.146633
0 0.945503 0.556696 0.108995 0.126404