0 0.204075 0.221949 0.219867 0.219867
0 0.819436 0.013054 0.074552 0.026108
0 0.733591 0.236011 0.143949 0.143949
0 0.921868 0.312532 0.066806 0.066806
0 0.332507 0.619698 0.201160 0.201160
0 0.060472 0.511551 0.120944 0.170155
0 0.162358 0.841789 0.121910 0.121910
0 0.184812 0.954405 0.074412 0.074412
0 0.304962 0.733723 0.067625 0.067625
0 0.358572 0.967959 0.126045 0.064081
0 0.747103 0.770343 0.092825 0.092825
0 0.976105 0.990912 0.047789 0.018177
0 0.798549 0.973749 0.114788 0.052502
0 0.066062 0.829451 0.132124 0.258453