0 0.256246 0.011128 0.074739 0.022256
0 0.342904 0.036643 0.079101 0.073286
0 0.233336 0.197911 0.111055 0.111055
0 0.486056 0.124749 0.069629 0.069629
0 0.618641 0.194716 0.085655 0.085655
0 0.581111 0.367759 0.083501 0.083501
0 0.828252 0.273408 0.244823 0.244823
0 0.597352 0.134581 0.262185 0.262185
0 0.114955 0.642016 0.068724 0.068724
0 0.109078 0.198722 0.073138 0.073138
0 0.055579 0.343844 0.111158 0.140358
0 0.204075 0.905617 0.219867 0.188766
0 0.819436 0.688051 0.074552 0.074552
0 0.733591 0.931628 0.143949 0.136744
0 0.921868 0.989174 0.066806 0.021652