0 0.123094 0.260056 0.063645 0.063645
0 0.896680 0.221949 0.206640 0.219867
0 0.965573 0.619698 0.068854 0.201160
0 0.647980 0.485590 0.065711 0.065711
0 0.654441 0.447102 0.079679 0.079679
0 0.735085 0.511551 0.170155 0.170155
0 0.198752 0.554950 0.341219 0.341219
0 0.055441 0.612968 0.110882 0.180495
0 0.065734 0.853606 0.071139 0.071139
0 0.299291 0.775197 0.157210 0.157210
0 0.861576 0.841789 0.121910 0.121910
0 0.884030 0.954405 0.074412 0.074412
0 0.985184 0.733723 0.029632 0.067625
0 0.997384 0.967959 0.005232 0.064081
0 0.702116 0.829451 0.258453 0.258453