0 0.435154 0.085674 0.268789 0.171348
0 0.501189 0.404816 0.067468 0.067468
0 0.471018 0.469446 0.095834 0.095834
0 0.305709 0.385329 0.105051 0.105051
0 0.098325 0.555070 0.069310 0.069310
0 0.042436 0.862144 0.084872 0.275711
0 0.311923 0.627852 0.097305 0.097305
0 0.217073 0.066889 0.064187 0.064187
0 0.803605 0.008879 0.105180 0.017758
0 0.665366 0.119220 0.162370 0.162370
0 0.596582 0.056994 0.262668 0.113988
0 0.797315 0.575814 0.079657 0.079657
0 0.898335 0.868865 0.203330 0.262270
0 0.863101 0.270594 0.273798 0.541189