0 0.804488 0.036582 0.129310 0.073165
0 0.084339 0.669882 0.168678 0.660236
0 0.212356 0.208946 0.190638 0.190638
0 0.489485 0.336885 0.071760 0.071760
0 0.759095 0.540740 0.130965 0.130965
0 0.631442 0.391766 0.076470 0.076470
0 0.875167 0.409432 0.094186 0.094186
0 0.911138 0.770722 0.088689 0.088689
0 0.880707 0.770183 0.123212 0.123212
0 0.734700 0.760349 0.081627 0.081627
0 0.645866 0.733645 0.072073 0.072073
0 0.532743 0.615800 0.155462 0.155462
0 0.518252 0.672165 0.130586 0.130586
0 0.435562 0.778375 0.064395 0.064395
0 0.586301 0.835281 0.184811 0.184811
0 0.765827 0.864925 0.073494 0.073494