0 0.394637 0.000462 0.342674 0.000924
0 0.682890 0.003290 0.176100 0.006580
0 0.991937 0.043871 0.016125 0.087742
0 0.015677 0.070442 0.031353 0.084568
0 0.094040 0.251496 0.093946 0.093946
0 0.215040 0.408518 0.129565 0.129565
0 0.496394 0.371160 0.262778 0.262778
0 0.524411 0.282341 0.147243 0.147243
0 0.514454 0.586531 0.151808 0.151808
0 0.820289 0.313446 0.105881 0.105881
0 0.995346 0.655663 0.009309 0.172362
0 0.957910 0.902321 0.084181 0.195358
0 0.104386 0.664387 0.105180 0.105180
0 0.023666 0.818439 0.047332 0.162370
0 0.014349 0.681873 0.028697 0.262668
0 0.330962 0.816225 0.607958 0.367550