0 0.150874 0.062776 0.188819 0.125551
0 0.049705 0.053569 0.089976 0.089976
0 0.801364 0.037045 0.108271 0.074090
0 0.791769 0.306333 0.318439 0.318439
0 0.460184 0.240154 0.067631 0.067631
0 0.409207 0.370320 0.065938 0.065938
0 0.779002 0.478535 0.096668 0.096668
0 0.565674 0.858718 0.227731 0.227731
0 0.087355 0.754164 0.094877 0.094877
0 0.202871 0.662231 0.090542 0.090542
0 0.250611 0.783762 0.091568 0.091568
0 0.173826 0.506271 0.127439 0.127439
0 0.247967 0.992043 0.071251 0.015914
0 0.753098 0.931414 0.125967 0.125967