0 0.867487 0.094282 0.119547 0.119547
0 0.688941 0.057616 0.129907 0.115231
0 0.714704 0.160155 0.132255 0.132255
0 0.006309 0.076538 0.012617 0.153075
0 0.024098 0.150268 0.048195 0.077598
0 0.812601 0.231026 0.157923 0.157923
0 0.946181 0.312504 0.107637 0.147806
0 0.999989 0.736172 0.000022 0.268789
0 0.554569 0.614244 0.070661 0.070661
0 0.459157 0.601091 0.097455 0.097455
0 0.220290 0.574977 0.191937 0.191937
0 0.034254 0.564357 0.068508 0.164406
0 0.127928 0.717999 0.235252 0.235252
0 0.916292 0.766107 0.064187 0.064187
0 0.843642 0.251180 0.074786 0.074786