0 0.036208 0.044655 0.072415 0.089309
0 0.473955 0.013163 0.068923 0.026326
0 0.587479 0.017472 0.122670 0.034943
0 0.608294 0.091408 0.199630 0.182816
0 0.880518 0.043213 0.119660 0.086425
0 0.674112 0.177150 0.064059 0.064059
0 0.321240 0.375128 0.255885 0.255885
0 0.021770 0.272285 0.043540 0.110620
0 0.086153 0.535022 0.087178 0.087178
0 0.394637 0.528806 0.342674 0.342674
0 0.682890 0.617749 0.176100 0.176100
0 0.991937 0.729234 0.016125 0.115454
0 0.015677 0.769661 0.031353 0.084568
0 0.094040 0.950714 0.093946 0.093946
0 0.496394 0.969495 0.262778 0.061010
0 0.524411 0.953969 0.147243 0.092061
0 0.820289 0.979862 0.105881 0.040276