0 0.168269 0.094282 0.119547 0.119547
0 0.027338 0.057616 0.054675 0.115231
0 0.040807 0.160155 0.081613 0.132255
0 0.113382 0.231026 0.157923 0.157923
0 0.267047 0.312504 0.147806 0.147806
0 0.435154 0.736172 0.268789 0.268789
0 0.217073 0.766107 0.064187 0.064187
0 0.144423 0.251180 0.074786 0.074786
0 0.961260 0.000462 0.077481 0.000924
0 0.688288 0.070442 0.084568 0.084568
0 0.793259 0.251496 0.093946 0.093946
0 0.914259 0.408518 0.129565 0.129565
0 0.803605 0.664387 0.105180 0.105180
0 0.665366 0.818439 0.162370 0.162370
0 0.596582 0.681873 0.262668 0.262668
0 0.863101 0.816225 0.273798 0.367550