0 0.084339 0.244849 0.168678 0.489699
0 0.911138 0.071503 0.088689 0.088689
0 0.880707 0.070965 0.123212 0.123212
0 0.734700 0.061130 0.081627 0.081627
0 0.645866 0.035231 0.072073 0.070463
0 0.518252 0.019119 0.130586 0.038239
0 0.435562 0.079156 0.064395 0.064395
0 0.586301 0.136062 0.184811 0.184811
0 0.243820 0.430823 0.075904 0.075904
0 0.765827 0.165707 0.073494 0.073494
0 0.926498 0.366725 0.098723 0.098723
0 0.427757 0.702429 0.121333 0.121333
0 0.042397 0.971856 0.084795 0.056288
0 0.983264 0.925043 0.033471 0.149915