0 0.064944 0.031540 0.129887 0.063081
0 0.784637 0.018753 0.144987 0.037507
0 0.422324 0.393144 0.063465 0.063465
0 0.165632 0.138892 0.066189 0.066189
0 0.066220 0.234092 0.102750 0.102750
0 0.762884 0.473969 0.079214 0.079214
0 0.736407 0.573930 0.064583 0.064583
0 0.867487 0.793501 0.119547 0.119547
0 0.688941 0.749497 0.129907 0.129907
0 0.714704 0.859374 0.132255 0.132255
0 0.006309 0.752929 0.012617 0.198730
0 0.024098 0.849486 0.048195 0.077598
0 0.812601 0.925641 0.157923 0.148717
0 0.946181 0.968910 0.107637 0.062180
0 0.843642 0.950398 0.074786 0.074786