0 0.984999 0.004696 0.030001 0.009393
0 0.429743 0.031992 0.202031 0.063983
0 0.211919 0.071503 0.088689 0.088689
0 0.181488 0.070965 0.123212 0.123212
0 0.038147 0.061130 0.076295 0.081627
0 0.066608 0.165707 0.073494 0.073494
0 0.227279 0.366725 0.098723 0.098723
0 0.970637 0.280081 0.058726 0.129841
0 0.602638 0.577590 0.137126 0.137126
0 0.346090 0.855149 0.070303 0.070303
0 0.367549 0.925043 0.200478 0.149915
0 0.738129 0.958600 0.378693 0.082800
0 0.852698 0.975932 0.079601 0.048137
0 0.595166 0.842475 0.082095 0.082095