0 0.913920 0.005466 0.078372 0.010932
0 0.280382 0.014532 0.104994 0.029063
0 0.549383 0.161466 0.116131 0.116131
0 0.936942 0.147991 0.126115 0.131236
0 0.814345 0.385327 0.080169 0.080169
0 0.926000 0.332730 0.089607 0.089607
0 0.629017 0.490283 0.069057 0.069057
0 0.400657 0.388528 0.116998 0.116998
0 0.055871 0.759816 0.073695 0.073695
0 0.075499 0.601632 0.150999 0.180219
0 0.677162 0.690102 0.142450 0.142450
0 0.610880 0.961012 0.064464 0.064464
0 0.469317 0.987859 0.104585 0.024281
0 0.053251 0.912211 0.075305 0.075305