0 0.963552 0.014532 0.072896 0.029063
0 0.264492 0.042935 0.093894 0.085870
0 0.144272 0.089225 0.094101 0.094101
0 0.569435 0.209002 0.159915 0.159915
0 0.506986 0.486462 0.188680 0.188680
0 0.045361 0.331332 0.090721 0.116774
0 0.071433 0.720824 0.139005 0.139005
0 0.149055 0.770993 0.066690 0.066690
0 0.173687 0.820749 0.101852 0.101852
0 0.476788 0.603832 0.132728 0.132728
0 0.636158 0.734859 0.074900 0.074900
0 0.755090 0.759816 0.073695 0.073695
0 0.760108 0.601632 0.180219 0.180219
0 0.752470 0.912211 0.075305 0.075305