0 0.004445 0.091408 0.008890 0.182816
0 0.181300 0.043213 0.119660 0.086425
0 0.538939 0.106854 0.070430 0.070430
0 0.604952 0.034352 0.219386 0.068703
0 0.688310 0.141240 0.067024 0.067024
0 0.800235 0.323995 0.161043 0.161043
0 0.586484 0.177679 0.069918 0.069918
0 0.003461 0.177150 0.006922 0.064059
0 0.035861 0.617749 0.071721 0.176100
0 0.743742 0.627240 0.083315 0.083315
0 0.719201 0.809546 0.068032 0.068032
0 0.342383 0.729234 0.115454 0.115454
0 0.716772 0.894594 0.095772 0.095772
0 0.895760 0.291137 0.208481 0.411327
0 0.121070 0.979862 0.105881 0.040276